   48
S1__ 0.000000 0.032362 0.169254 0.199450 0.129760 0.168735 0.284350
 0.025309 0.227246 0.348619 0.313746 0.275537 0.030789 0.038748 0.265776
 0.272657 0.176888 0.049275 0.176888 0.178808 0.366308 0.223801 0.176888
 0.012164 0.022195 0.311097 0.173061 0.353594 0.261727 0.221562 0.171740
 0.295940 0.342965 0.355362 0.245055 0.257862 0.271117 0.176888 0.261740
 0.045869 0.257528 0.247463 0.264882 0.362179 0.185251 0.275368 0.269365
 0.180079
S2__ 0.032362 0.000000 0.165186 0.200092 0.109240 0.166553 0.274248
 0.044998 0.218732 0.356094 0.316675 0.266219 0.043468 0.063718 0.264661
 0.267779 0.168020 0.052433 0.175629 0.175629 0.358079 0.218476 0.174674
 0.042669 0.043468 0.311672 0.174674 0.355386 0.255821 0.220133 0.170494
 0.295940 0.349621 0.357162 0.249038 0.267354 0.266641 0.175629 0.253729
 0.057089 0.272594 0.246345 0.258968 0.357725 0.187839 0.266088 0.262344
 0.175929
S3__ 0.169254 0.165186 0.000000 0.184106 0.155686 0.143051 0.292301
 0.158615 0.217674 0.320635 0.317855 0.270860 0.165466 0.179770 0.254705
 0.252889 0.144411 0.169687 0.147178 0.145454 0.326418 0.217616 0.151812
 0.162638 0.167358 0.296602 0.145332 0.317758 0.263427 0.209988 0.142130
 0.301759 0.338659 0.341336 0.259061 0.261797 0.252276 0.145332 0.260050
 0.153029 0.257049 0.215896 0.264638 0.350309 0.175121 0.271809 0.266933
 0.142811
S4__ 0.199450 0.200092 0.184106 0.000000 0.173424 0.163190 0.266981
 0.207044 0.199252 0.327269 0.295148 0.251123 0.194521 0.224397 0.241222
 0.235758 0.158214 0.209591 0.150756 0.162108 0.316370 0.207082 0.161971
 0.199450 0.195504 0.278982 0.158214 0.329042 0.244244 0.176368 0.151940
 0.264661 0.295761 0.315333 0.257575 0.235265 0.244248 0.153544 0.264998
 0.207044 0.236036 0.232616 0.237664 0.330324 0.062996 0.252124 0.241023
 0.158214
S5__ 0.129760 0.109240 0.155686 0.173424 0.000000 0.160894 0.282955
 0.122421 0.222772 0.353242 0.311672 0.269510 0.122622 0.149749 0.236036
 0.256948 0.148281 0.125600 0.147360 0.149327 0.338659 0.230241 0.149202
 0.129760 0.127075 0.313716 0.143689 0.350201 0.261614 0.203806 0.142334
 0.315603 0.327538 0.337318 0.265570 0.256044 0.256428 0.145523 0.252430
 0.115362 0.263425 0.214623 0.252507 0.341962 0.181574 0.259575 0.252660
 0.147607
S6__ 0.168735 0.166553 0.143051 0.163190 0.160894 0.000000 0.262814
 0.164662 0.189165 0.327589 0.322342 0.227799 0.167785 0.190930 0.244928
 0.228858 0.041331 0.176532 0.034917 0.035712 0.345119 0.196516 0.043705
 0.161167 0.159286 0.326242 0.049352 0.324670 0.231355 0.199303 0.061695
 0.293311 0.337227 0.328554 0.246828 0.259694 0.252354 0.040498 0.266332
 0.169398 0.254943 0.218455 0.232407 0.362192 0.151812 0.234083 0.243580
 0.046927
S7__ 0.284350 0.274248 0.292301 0.266981 0.282955 0.262814 0.000000
 0.294589 0.251244 0.331289 0.344184 0.186189 0.282093 0.307296 0.232404
 0.191441 0.264037 0.284557 0.275107 0.270911 0.346216 0.240487 0.276223
 0.283220 0.275364 0.362899 0.276223 0.325421 0.179846 0.291837 0.267229
 0.320273 0.342842 0.261715 0.191767 0.255859 0.252901 0.277341 0.297808
 0.294589 0.261587 0.257061 0.197558 0.384927 0.241528 0.186522 0.164306
 0.282358
S8__ 0.025309 0.044998 0.158615 0.207044 0.122421 0.164662 0.294589
 0.000000 0.227246 0.348619 0.324978 0.267314 0.045068 0.055552 0.264661
 0.268871 0.169915 0.060583 0.164244 0.175629 0.365579 0.221666 0.164244
 0.021419 0.029219 0.311672 0.169915 0.347929 0.260158 0.228432 0.172401
 0.308801 0.353311 0.357162 0.255514 0.261797 0.277881 0.169915 0.269964
 0.024492 0.257049 0.244113 0.263307 0.361461 0.190755 0.267179 0.267779
 0.171155
S9__ 0.227246 0.218732 0.217674 0.199252 0.222772 0.189165 0.251244
 0.227246 0.000000 0.332989 0.296701 0.230446 0.218732 0.247862 0.237179
 0.227014 0.198711 0.228300 0.200773 0.193756 0.331750 0.168500 0.200773
 0.229389 0.230463 0.305890 0.199741 0.318253 0.222282 0.230212 0.203579
 0.281543 0.310360 0.300798 0.229622 0.262896 0.237401 0.199741 0.245486
 0.231539 0.258560 0.181605 0.226781 0.338875 0.199741 0.234565 0.232400
 0.200103
S10__ 0.348619 0.356094 0.320635 0.327269 0.353242 0.327589 0.331289
 0.348619 0.332989 0.000000 0.248065 0.317592 0.342446 0.367818 0.326877
 0.326418 0.327835 0.345383 0.327515 0.332674 0.260050 0.321062 0.321517
 0.338766 0.344909 0.242080 0.323911 0.040115 0.344649 0.328217 0.310862
 0.237684 0.254275 0.378313 0.331115 0.341236 0.330250 0.322713 0.353659
 0.349859 0.337212 0.314503 0.314319 0.261980 0.315873 0.320789 0.333931
 0.322143
S11__ 0.313746 0.316675 0.317855 0.295148 0.311672 0.322342 0.344184
 0.324978 0.296701 0.248065 0.000000 0.310186 0.311396 0.337332 0.288836
 0.303812 0.324664 0.327760 0.314017 0.320222 0.243538 0.297860 0.310502
 0.313746 0.324414 0.169747 0.312844 0.247789 0.323102 0.319010 0.303518
 0.186178 0.206489 0.354843 0.329614 0.319913 0.307601 0.312844 0.314524
 0.327368 0.315496 0.291196 0.316597 0.264756 0.288883 0.311033 0.314524
 0.316980
S12__ 0.275537 0.266219 0.270860 0.251123 0.269510 0.227799 0.186189
 0.267314 0.230446 0.317592 0.310186 0.000000 0.274428 0.299794 0.216865
 0.060441 0.240837 0.277422 0.223035 0.236610 0.328489 0.222034 0.228227
 0.268908 0.265614 0.313416 0.232407 0.311457 0.125325 0.280826 0.223836
 0.285636 0.335170 0.240242 0.199798 0.240053 0.252198 0.231359 0.265230
 0.270610 0.218802 0.235488 0.083041 0.338989 0.221166 0.043468 0.082711
 0.231777
S13__ 0.030789 0.043468 0.165466 0.194521 0.122622 0.167785 0.282093
 0.045068 0.218732 0.342446 0.311396 0.274428 0.000000 0.056453 0.256906
 0.267179 0.179770 0.042835 0.174016 0.176888 0.356299 0.221666 0.175929
 0.037102 0.049083 0.307590 0.174972 0.349859 0.261727 0.207208 0.173653
 0.301759 0.349080 0.351604 0.248319 0.254561 0.266641 0.175929 0.264998
 0.048278 0.263055 0.238564 0.258360 0.358433 0.188162 0.269862 0.263911
 0.179115
S14__ 0.038748 0.063718 0.179770 0.224397 0.149749 0.190930 0.307296
 0.055552 0.247862 0.367818 0.337332 0.299794 0.056453 0.000000 0.285250
 0.289921 0.202248 0.074764 0.197304 0.198290 0.383763 0.252116 0.201256
 0.049966 0.054826 0.337003 0.192392 0.372175 0.281107 0.235770 0.195028
 0.313837 0.367364 0.371116 0.268821 0.272085 0.282694 0.197304 0.271059
 0.073635 0.280754 0.259874 0.275368 0.385954 0.213686 0.300666 0.291045
 0.202600
S15__ 0.265776 0.264661 0.254705 0.241222 0.236036 0.244928 0.232404
 0.264661 0.237179 0.326877 0.288836 0.216865 0.256906 0.285250 0.000000
 0.218802 0.242080 0.267029 0.234327 0.239919 0.313746 0.237197 0.236470
 0.260220 0.250323 0.315228 0.240776 0.316141 0.223328 0.251557 0.233045
 0.302340 0.322655 0.282765 0.242970 0.123823 0.118547 0.241856 0.259385
 0.251416 0.139524 0.236820 0.227762 0.322909 0.235398 0.220037 0.202571
 0.241222
S16__ 0.272657 0.267779 0.252889 0.235758 0.256948 0.228858 0.191441
 0.268871 0.227014 0.326418 0.303812 0.060441 0.267179 0.289921 0.218802
 0.000000 0.231364 0.280063 0.225136 0.232407 0.315390 0.221871 0.225136
 0.267179 0.259575 0.302373 0.218959 0.317753 0.127494 0.283424 0.218712
 0.281760 0.340406 0.240213 0.197249 0.229257 0.237920 0.227206 0.266667
 0.266689 0.208409 0.241007 0.081871 0.341180 0.216719 0.069050 0.099080
 0.227613
S17__ 0.176888 0.168020 0.144411 0.158214 0.148281 0.041331 0.264037
 0.169915 0.198711 0.327835 0.324664 0.240837 0.179770 0.202248 0.242080
 0.231364 0.000000 0.179268 0.034836 0.054955 0.340096 0.186280 0.045208
 0.171155 0.169254 0.319038 0.051664 0.324922 0.233666 0.208224 0.045350
 0.291040 0.325161 0.331223 0.247230 0.256521 0.252746 0.045208 0.261262
 0.170864 0.251808 0.218919 0.234920 0.354518 0.147607 0.243978 0.247165
 0.046084
S18__ 0.049275 0.052433 0.169687 0.209591 0.125600 0.176532 0.284557
 0.060583 0.228300 0.345383 0.327760 0.277422 0.042835 0.074764 0.267029
 0.280063 0.179268 0.000000 0.182167 0.181199 0.372480 0.234135 0.181199
 0.051704 0.060679 0.333468 0.181199 0.344698 0.272372 0.224876 0.173802
 0.310301 0.348879 0.364033 0.264487 0.270860 0.278065 0.182167 0.278950
 0.063868 0.270505 0.248648 0.268908 0.373379 0.199450 0.276135 0.270111
 0.184106
S19__ 0.176888 0.175629 0.147178 0.150756 0.147360 0.034917 0.275107
 0.164244 0.200773 0.327515 0.314017 0.223035 0.174016 0.197304 0.234327
 0.225136 0.034836 0.182167 0.000000 0.038012 0.330407 0.195486 0.019139
 0.166411 0.168305 0.320222 0.029287 0.329414 0.227390 0.198123 0.042100
 0.283028 0.328730 0.328799 0.237495 0.245598 0.244880 0.020691 0.256715
 0.170864 0.242043 0.225410 0.225539 0.343425 0.143929 0.228244 0.236594
 0.022281
S20__ 0.178808 0.175629 0.145454 0.162108 0.149327 0.035712 0.270911
 0.175629 0.193756 0.332674 0.320222 0.236610 0.176888 0.198290 0.239919
 0.232407 0.054955 0.181199 0.038012 0.000000 0.333142 0.193430 0.043603
 0.172108 0.169254 0.328885 0.043603 0.327325 0.228638 0.198123 0.056720
 0.294782 0.341081 0.322772 0.243971 0.256760 0.249462 0.038012 0.254801
 0.173720 0.258630 0.219997 0.238074 0.346216 0.150503 0.241861 0.242919
 0.044475
S21__ 0.366308 0.358079 0.326418 0.316370 0.338659 0.345119 0.346216
 0.365579 0.331750 0.260050 0.243538 0.328489 0.356299 0.383763 0.313746
 0.315390 0.340096 0.372480 0.330407 0.333142 0.000000 0.330931 0.336448
 0.358789 0.361287 0.225592 0.322030 0.267371 0.343511 0.358953 0.323281
 0.258937 0.274860 0.373303 0.347255 0.330775 0.328323 0.322030 0.319815
 0.369357 0.329445 0.329441 0.333514 0.106279 0.316636 0.323353 0.313358
 0.331051
S22__ 0.223801 0.218476 0.217616 0.207082 0.230241 0.196516 0.240487
 0.221666 0.168500 0.321062 0.297860 0.222034 0.221666 0.252116 0.237197
 0.221871 0.186280 0.234135 0.195486 0.193430 0.330931 0.000000 0.190357
 0.221666 0.229164 0.301410 0.194457 0.311446 0.228495 0.244298 0.198941
 0.282904 0.301124 0.295095 0.240855 0.256517 0.253791 0.194457 0.235003
 0.225941 0.266197 0.152115 0.202608 0.341845 0.195663 0.234784 0.219740
 0.200649
S23__ 0.176888 0.174674 0.151812 0.161971 0.149202 0.043705 0.276223
 0.164244 0.200773 0.321517 0.310502 0.228227 0.175929 0.201256 0.236470
 0.225136 0.045208 0.181199 0.019139 0.043603 0.336448 0.190357 0.000000
 0.166411 0.168305 0.320222 0.031649 0.321019 0.229476 0.205179 0.044510
 0.294500 0.327538 0.331223 0.239647 0.245598 0.251416 0.026150 0.262105
 0.169915 0.248539 0.221077 0.233872 0.350802 0.150377 0.233452 0.242919
 0.020723
S24__ 0.012164 0.042669 0.162638 0.199450 0.129760 0.161167 0.283220
 0.021419 0.229389 0.338766 0.313746 0.268908 0.037102 0.049966 0.260220
 0.267179 0.171155 0.051704 0.166411 0.172108 0.358789 0.221666 0.166411
 0.000000 0.017549 0.302939 0.170204 0.347380 0.259548 0.221562 0.172696
 0.306446 0.344184 0.354107 0.246142 0.255659 0.268876 0.169254 0.267179
 0.041871 0.253136 0.243000 0.256198 0.353469 0.190108 0.268765 0.263911
 0.173357
S25__ 0.022195 0.043468 0.167358 0.195504 0.127075 0.159286 0.275364
 0.029219 0.230463 0.344909 0.324414 0.265614 0.049083 0.054826 0.250323
 0.259575 0.169254 0.060679 0.168305 0.169254 0.361287 0.229164 0.168305
 0.017549 0.000000 0.311097 0.165466 0.351102 0.257375 0.222598 0.166029
 0.308801 0.349080 0.347865 0.251598 0.262288 0.267758 0.169254 0.260657
 0.045068 0.260839 0.254207 0.256198 0.355947 0.180425 0.265485 0.257417
 0.171447
S26__ 0.311097 0.311672 0.296602 0.278982 0.313716 0.326242 0.362899
 0.311672 0.305890 0.242080 0.169747 0.313416 0.307590 0.337003 0.315228
 0.302373 0.319038 0.333468 0.320222 0.328885 0.225592 0.301410 0.320222
 0.302939 0.311097 0.000000 0.321408 0.251385 0.327612 0.321108 0.317898
 0.184206 0.222278 0.366546 0.339731 0.327368 0.315532 0.319038 0.311328
 0.315193 0.322909 0.295945 0.309023 0.237819 0.288611 0.321301 0.311922
 0.317285
S27__ 0.173061 0.174674 0.145332 0.158214 0.143689 0.049352 0.276223
 0.169915 0.199741 0.323911 0.312844 0.232407 0.174972 0.192392 0.240776
 0.218959 0.051664 0.181199 0.029287 0.043603 0.322030 0.194457 0.031649
 0.170204 0.165466 0.321408 0.000000 0.318638 0.227390 0.207208 0.041298
 0.291040 0.329923 0.332438 0.245055 0.244515 0.243796 0.011424 0.261023
 0.175629 0.244202 0.219997 0.230736 0.340982 0.142097 0.234498 0.241861
 0.021501
S28__ 0.353594 0.355386 0.317758 0.329042 0.350201 0.324670 0.325421
 0.347929 0.318253 0.040115 0.247789 0.311457 0.349859 0.372175 0.316141
 0.317753 0.324922 0.344698 0.329414 0.327325 0.267371 0.311446 0.321019
 0.347380 0.351102 0.251385 0.318638 0.000000 0.338289 0.342522 0.311563
 0.247542 0.246585 0.379158 0.335742 0.338263 0.320761 0.323408 0.364429
 0.345460 0.329544 0.304829 0.312785 0.260698 0.315262 0.313357 0.334619
 0.321643
S29__ 0.261727 0.255821 0.263427 0.244244 0.261614 0.231355 0.179846
 0.260158 0.222282 0.344649 0.323102 0.125325 0.261727 0.281107 0.223328
 0.127494 0.233666 0.272372 0.227390 0.228638 0.343511 0.228495 0.229476
 0.259548 0.257375 0.327612 0.227390 0.338289 0.000000 0.267868 0.219888
 0.294249 0.339427 0.242557 0.178715 0.213634 0.229858 0.231568 0.267642
 0.256903 0.212796 0.237931 0.125807 0.359147 0.228022 0.133908 0.141979
 0.227799
S30__ 0.221562 0.220133 0.209988 0.176368 0.203806 0.199303 0.291837
 0.228432 0.230212 0.328217 0.319010 0.280826 0.207208 0.235770 0.251557
 0.283424 0.208224 0.224876 0.198123 0.198123 0.358953 0.244298 0.205179
 0.221562 0.222598 0.321108 0.207208 0.342522 0.267868 0.000000 0.207576
 0.312787 0.338653 0.316955 0.274960 0.253799 0.273937 0.204167 0.277082
 0.228432 0.264051 0.212441 0.273809 0.349752 0.173299 0.276657 0.259520
 0.203156
S31__ 0.171740 0.170494 0.142130 0.151940 0.142334 0.061695 0.267229
 0.172401 0.203579 0.310862 0.303518 0.223836 0.173653 0.195028 0.233045
 0.218712 0.045350 0.173802 0.042100 0.056720 0.323281 0.198941 0.044510
 0.172696 0.166029 0.317898 0.041298 0.311563 0.219888 0.207576 0.000000
 0.284105 0.325227 0.318029 0.239453 0.254173 0.250160 0.037304 0.255498
 0.173357 0.250555 0.214350 0.222199 0.333794 0.134353 0.228022 0.232197
 0.032538
S32__ 0.295940 0.295940 0.301759 0.264661 0.315603 0.293311 0.320273
 0.308801 0.281543 0.237684 0.186178 0.285636 0.301759 0.313837 0.302340
 0.281760 0.291040 0.310301 0.283028 0.294782 0.258937 0.282904 0.294500
 0.306446 0.308801 0.184206 0.291040 0.247542 0.294249 0.312787 0.284105
 0.000000 0.240213 0.328877 0.277295 0.298090 0.286944 0.291040 0.282093
 0.313533 0.292750 0.309571 0.300027 0.272974 0.269742 0.293411 0.293411
 0.291596
S33__ 0.342965 0.349621 0.338659 0.295761 0.327538 0.337227 0.342842
 0.353311 0.310360 0.254275 0.206489 0.335170 0.349080 0.367364 0.322655
 0.340406 0.325161 0.348879 0.328730 0.341081 0.274860 0.301124 0.327538
 0.344184 0.349080 0.222278 0.329923 0.246585 0.339427 0.338653 0.325227
 0.240213 0.000000 0.369410 0.334097 0.343973 0.347242 0.328730 0.344681
 0.359502 0.333607 0.311392 0.332139 0.296971 0.314857 0.338335 0.344347
 0.326979
S34__ 0.355362 0.357162 0.341336 0.315333 0.337318 0.328554 0.261715
 0.357162 0.300798 0.378313 0.354843 0.240242 0.351604 0.371116 0.282765
 0.240213 0.331223 0.364033 0.328799 0.322772 0.373303 0.295095 0.331223
 0.354107 0.347865 0.366546 0.332438 0.379158 0.242557 0.316955 0.318029
 0.328877 0.369410 0.000000 0.253039 0.298226 0.304099 0.331223 0.323102
 0.352152 0.298514 0.301349 0.259309 0.391086 0.306151 0.239153 0.243401
 0.333092
S35__ 0.245055 0.249038 0.259061 0.257575 0.265570 0.246828 0.191767
 0.255514 0.229622 0.331115 0.329614 0.199798 0.248319 0.268821 0.242970
 0.197249 0.247230 0.264487 0.237495 0.243971 0.347255 0.240855 0.239647
 0.246142 0.251598 0.339731 0.245055 0.335742 0.178715 0.274960 0.239453
 0.277295 0.334097 0.253039 0.000000 0.244994 0.257090 0.245055 0.235267
 0.251130 0.238256 0.257402 0.197533 0.360631 0.246142 0.200100 0.197731
 0.243337
S36__ 0.257862 0.267354 0.261797 0.235265 0.256044 0.259694 0.255859
 0.261797 0.262896 0.341236 0.319913 0.240053 0.254561 0.272085 0.123823
 0.229257 0.256521 0.270860 0.245598 0.256760 0.330775 0.256517 0.245598
 0.255659 0.262288 0.327368 0.244515 0.338263 0.213634 0.253799 0.254173
 0.298090 0.343973 0.298226 0.244994 0.000000 0.128493 0.247770 0.271263
 0.265126 0.059857 0.258692 0.231140 0.325669 0.242353 0.241088 0.221122
 0.246054
S37__ 0.271117 0.266641 0.252276 0.244248 0.256428 0.252354 0.252901
 0.277881 0.237401 0.330250 0.307601 0.252198 0.266641 0.282694 0.118547
 0.237920 0.252746 0.278065 0.244880 0.249462 0.328323 0.253791 0.251416
 0.268876 0.267758 0.315532 0.243796 0.320761 0.229858 0.273937 0.250160
 0.286944 0.347242 0.304099 0.257090 0.128493 0.000000 0.244880 0.266506
 0.273365 0.159436 0.252759 0.239642 0.342538 0.244880 0.251036 0.233887
 0.246422
S38__ 0.176888 0.175629 0.145332 0.153544 0.145523 0.040498 0.277341
 0.169915 0.199741 0.322713 0.312844 0.231359 0.175929 0.197304 0.241856
 0.227206 0.045208 0.182167 0.020691 0.038012 0.322030 0.194457 0.026150
 0.169254 0.169254 0.319038 0.011424 0.323408 0.231568 0.204167 0.037304
 0.291040 0.328730 0.331223 0.245055 0.247770 0.244880 0.000000 0.262105
 0.176586 0.248539 0.219997 0.231780 0.338547 0.143013 0.236594 0.239750
 0.015295
S39__ 0.261740 0.253729 0.260050 0.264998 0.252430 0.266332 0.297808
 0.269964 0.245486 0.353659 0.314524 0.265230 0.264998 0.271059 0.259385
 0.266667 0.261262 0.278950 0.256715 0.254801 0.319815 0.235003 0.262105
 0.267179 0.260657 0.311328 0.261023 0.364429 0.267642 0.277082 0.255498
 0.282093 0.344681 0.323102 0.235267 0.271263 0.266506 0.262105 0.000000
 0.273253 0.278121 0.247935 0.269572 0.342175 0.266445 0.268834 0.275962
 0.258260
S40__ 0.045869 0.057089 0.153029 0.207044 0.115362 0.169398 0.294589
 0.024492 0.231539 0.349859 0.327368 0.270610 0.048278 0.073635 0.251416
 0.266689 0.170864 0.063868 0.170864 0.173720 0.369357 0.225941 0.169915
 0.041871 0.045068 0.315193 0.175629 0.345460 0.256903 0.228432 0.173357
 0.313533 0.359502 0.352152 0.251130 0.265126 0.273365 0.176586 0.273253
 0.000000 0.260353 0.246345 0.267670 0.361461 0.194661 0.267179 0.256948
 0.174972
S41__ 0.257528 0.272594 0.257049 0.236036 0.263425 0.254943 0.261587
 0.257049 0.258560 0.337212 0.315496 0.218802 0.263055 0.280754 0.139524
 0.208409 0.251808 0.270505 0.242043 0.258630 0.329445 0.266197 0.248539
 0.253136 0.260839 0.322909 0.244202 0.329544 0.212796 0.264051 0.250555
 0.292750 0.333607 0.298514 0.238256 0.059857 0.159436 0.248539 0.278121
 0.260353 0.000000 0.263932 0.227781 0.324664 0.233255 0.194462 0.213707
 0.252276
S42__ 0.247463 0.246345 0.215896 0.232616 0.214623 0.218455 0.257061
 0.244113 0.181605 0.314503 0.291196 0.235488 0.238564 0.259874 0.236820
 0.241007 0.218919 0.248648 0.225410 0.219997 0.329441 0.152115 0.221077
 0.243000 0.254207 0.295945 0.219997 0.304829 0.237931 0.212441 0.214350
 0.309571 0.311392 0.301349 0.257402 0.258692 0.252759 0.219997 0.247935
 0.246345 0.263932 0.000000 0.223203 0.336679 0.220203 0.243231 0.227801
 0.217173
S43__ 0.264882 0.258968 0.264638 0.237664 0.252507 0.232407 0.197558
 0.263307 0.226781 0.314319 0.316597 0.083041 0.258360 0.275368 0.227762
 0.081871 0.234920 0.268908 0.225539 0.238074 0.333514 0.202608 0.233872
 0.256198 0.256198 0.309023 0.230736 0.312785 0.125807 0.273809 0.222199
 0.300027 0.332139 0.259309 0.197533 0.231140 0.239642 0.231780 0.269572
 0.267670 0.227781 0.223203 0.000000 0.340418 0.224704 0.094575 0.109240
 0.231151
S44__ 0.362179 0.357725 0.350309 0.330324 0.341962 0.362192 0.384927
 0.361461 0.338875 0.261980 0.264756 0.338989 0.358433 0.385954 0.322909
 0.341180 0.354518 0.373379 0.343425 0.346216 0.106279 0.341845 0.350802
 0.353469 0.355947 0.237819 0.340982 0.260698 0.359147 0.349752 0.333794
 0.272974 0.296971 0.391086 0.360631 0.325669 0.342538 0.338547 0.342175
 0.361461 0.324664 0.336679 0.340418 0.000000 0.327295 0.333745 0.314224
 0.342875
S45__ 0.185251 0.187839 0.175121 0.062996 0.181574 0.151812 0.241528
 0.190755 0.199741 0.315873 0.288883 0.221166 0.188162 0.213686 0.235398
 0.216719 0.147607 0.199450 0.143929 0.150503 0.316636 0.195663 0.150377
 0.190108 0.180425 0.288611 0.142097 0.315262 0.228022 0.173299 0.134353
 0.269742 0.314857 0.306151 0.246142 0.242353 0.244880 0.143013 0.266445
 0.194661 0.233255 0.220203 0.224704 0.327295 0.000000 0.220181 0.227003
 0.146931
S46__ 0.275368 0.266088 0.271809 0.252124 0.259575 0.234083 0.186522
 0.267179 0.234565 0.320789 0.311033 0.043468 0.269862 0.300666 0.220037
 0.069050 0.243978 0.276135 0.228244 0.241861 0.323353 0.234784 0.233452
 0.268765 0.265485 0.321301 0.234498 0.313357 0.133908 0.276657 0.228022
 0.293411 0.338335 0.239153 0.200100 0.241088 0.251036 0.236594 0.268834
 0.267179 0.194462 0.243231 0.094575 0.333745 0.220181 0.000000 0.087285
 0.237021
S47__ 0.269365 0.262344 0.266933 0.241023 0.252660 0.243580 0.164306
 0.267779 0.232400 0.333931 0.314524 0.082711 0.263911 0.291045 0.202571
 0.099080 0.247165 0.270111 0.236594 0.242919 0.313358 0.219740 0.242919
 0.263911 0.257417 0.311922 0.241861 0.334619 0.141979 0.259520 0.232197
 0.293411 0.344347 0.243401 0.197731 0.221122 0.233887 0.239750 0.275962
 0.256948 0.213707 0.227801 0.109240 0.314224 0.227003 0.087285 0.000000
 0.244421
S48__ 0.180079 0.175929 0.142811 0.158214 0.147607 0.046927 0.282358
 0.171155 0.200103 0.322143 0.316980 0.231777 0.179115 0.202600 0.241222
 0.227613 0.046084 0.184106 0.022281 0.044475 0.331051 0.200649 0.020723
 0.173357 0.171447 0.317285 0.021501 0.321643 0.227799 0.203156 0.032538
 0.291596 0.326979 0.333092 0.243337 0.246054 0.246422 0.015295 0.258260
 0.174972 0.252276 0.217173 0.231151 0.342875 0.146931 0.237021 0.244421
 0.000000
