   48
S1__ 0.000000 0.044789 0.080229 0.190052 0.113201 0.110290 0.277020
 0.018338 0.226602 0.364014 0.345341 0.252718 0.014635 0.025801 0.256040
 0.247642 0.121676 0.026187 0.117427 0.109000 0.338456 0.266457 0.109000
 0.007282 0.029560 0.321081 0.113201 0.364014 0.239642 0.260086 0.132342
 0.301326 0.302726 0.340060 0.191946 0.261230 0.246839 0.113201 0.244701
 0.014635 0.240681 0.305464 0.262974 0.332619 0.179963 0.262974 0.252718
 0.114094
S2__ 0.044789 0.000000 0.113201 0.213939 0.064271 0.131812 0.245766
 0.052521 0.226602 0.376284 0.328000 0.237591 0.044789 0.056418 0.240681
 0.232616 0.143291 0.037696 0.138918 0.130248 0.304099 0.266457 0.121676
 0.040953 0.048645 0.321081 0.134570 0.376284 0.229625 0.244701 0.154599
 0.312479 0.308231 0.334189 0.187499 0.240681 0.221627 0.134570 0.219740
 0.048645 0.256040 0.294614 0.242600 0.315377 0.203439 0.242600 0.242600
 0.135647
S3__ 0.080229 0.113201 0.000000 0.176076 0.179226 0.069014 0.266457
 0.076208 0.192450 0.316847 0.316657 0.257829 0.092424 0.109000 0.245766
 0.247642 0.088337 0.102252 0.088337 0.080229 0.315377 0.230614 0.072208
 0.072208 0.096534 0.309717 0.080229 0.316847 0.249794 0.270521 0.098051
 0.279506 0.342135 0.340060 0.187205 0.245766 0.231610 0.080229 0.244701
 0.080229 0.240681 0.262974 0.262974 0.298523 0.170775 0.268156 0.262974
 0.072761
S4__ 0.190052 0.213939 0.176076 0.000000 0.218809 0.140597 0.222583
 0.194769 0.170384 0.314070 0.308293 0.234617 0.190052 0.218809 0.241729
 0.239642 0.144445 0.206021 0.122641 0.140033 0.329914 0.235630 0.148883
 0.180706 0.190052 0.262955 0.144445 0.314070 0.211775 0.224666 0.163690
 0.265909 0.311050 0.331479 0.207230 0.226602 0.237684 0.144445 0.225630
 0.190052 0.221627 0.270521 0.234617 0.312606 0.060793 0.244701 0.249794
 0.135647
S5__ 0.113201 0.064271 0.179226 0.218809 0.000000 0.153971 0.282358
 0.104821 0.257167 0.401444 0.345341 0.283918 0.113201 0.117427 0.225630
 0.278627 0.165548 0.106478 0.161044 0.152115 0.332619 0.298604 0.152115
 0.109000 0.092424 0.338456 0.165548 0.401444 0.275794 0.239642 0.196406
 0.335294 0.353786 0.351941 0.236418 0.277020 0.231610 0.165548 0.214846
 0.100666 0.293150 0.268156 0.278627 0.332619 0.247642 0.289247 0.278627
 0.176076
S6__ 0.110290 0.131812 0.069014 0.140597 0.153971 0.000000 0.228572
 0.114545 0.171098 0.298438 0.309717 0.225630 0.118825 0.140597 0.233631
 0.220680 0.026090 0.132877 0.022306 0.014797 0.325631 0.196406 0.022306
 0.101851 0.110290 0.314070 0.033714 0.298438 0.212681 0.230614 0.065510
 0.288806 0.318118 0.298438 0.170648 0.238724 0.224519 0.033714 0.247923
 0.110290 0.233631 0.250885 0.235630 0.308356 0.159131 0.235630 0.250885
 0.033714
S7__ 0.277020 0.245766 0.266457 0.222583 0.282358 0.228572 0.000000
 0.293150 0.198914 0.290132 0.370874 0.102252 0.287735 0.298604 0.198071
 0.119299 0.235630 0.276623 0.230614 0.230614 0.335773 0.194083 0.230614
 0.277020 0.266457 0.335773 0.245766 0.290132 0.109857 0.295811 0.224519
 0.282038 0.284902 0.224519 0.095636 0.279506 0.213596 0.245766 0.249016
 0.287735 0.284902 0.261230 0.122641 0.365777 0.197235 0.089717 0.141166
 0.237684
S8__ 0.018338 0.052521 0.076208 0.194769 0.104821 0.114545 0.293150
 0.000000 0.231610 0.370124 0.351212 0.268156 0.033339 0.044789 0.266457
 0.252718 0.125950 0.045468 0.121676 0.113201 0.344338 0.271720 0.113201
 0.010949 0.018338 0.326828 0.117427 0.370124 0.244701 0.270521 0.136741
 0.318118 0.319363 0.357953 0.206352 0.266457 0.251985 0.117427 0.254923
 0.003632 0.261230 0.310948 0.268156 0.338456 0.184600 0.278627 0.268156
 0.118355
S9__ 0.226602 0.226602 0.192450 0.170384 0.257167 0.171098 0.198914
 0.231610 0.000000 0.292820 0.326828 0.193263 0.221627 0.246839 0.223547
 0.217616 0.187696 0.230576 0.164365 0.173611 0.319829 0.175801 0.168974
 0.226602 0.236653 0.308356 0.178276 0.292820 0.217616 0.282038 0.210474
 0.299897 0.304099 0.353631 0.191204 0.247923 0.229569 0.178276 0.276623
 0.236653 0.247923 0.217616 0.207779 0.297057 0.211775 0.202909 0.207779
 0.161111
S10__ 0.364014 0.376284 0.316847 0.314070 0.401444 0.298438 0.290132
 0.370124 0.292820 0.000000 0.221422 0.299897 0.370124 0.382495 0.315377
 0.316847 0.316847 0.377437 0.316847 0.316847 0.219502 0.311262 0.294331
 0.351941 0.364014 0.230576 0.299897 0.000000 0.294331 0.319829 0.272001
 0.220458 0.200622 0.308356 0.302685 0.315377 0.322583 0.299897 0.318331
 0.364014 0.309717 0.273708 0.272472 0.204650 0.279143 0.299897 0.305505
 0.291470
S11__ 0.345341 0.328000 0.316657 0.308293 0.345341 0.309717 0.370874
 0.351212 0.326828 0.221422 0.000000 0.329525 0.351212 0.357130 0.313921
 0.312479 0.311050 0.357953 0.305484 0.294475 0.167124 0.380636 0.305484
 0.333736 0.333736 0.162458 0.305484 0.221422 0.346968 0.374463 0.288806
 0.203776 0.188486 0.429646 0.343376 0.372660 0.344338 0.305484 0.323800
 0.345341 0.372660 0.351212 0.341108 0.200622 0.318118 0.341108 0.312479
 0.308293
S12__ 0.252718 0.237591 0.257829 0.234617 0.283918 0.225630 0.102252
 0.268156 0.193263 0.299897 0.329525 0.000000 0.273373 0.278627 0.197235
 0.048464 0.227674 0.278258 0.213039 0.213039 0.311154 0.182971 0.217886
 0.252718 0.242600 0.322583 0.227674 0.299897 0.101058 0.316473 0.182971
 0.302706 0.291837 0.215450 0.140804 0.278258 0.202909 0.227674 0.248713
 0.262974 0.278258 0.228645 0.044623 0.334189 0.204293 0.010909 0.063550
 0.219740
S13__ 0.014635 0.044789 0.092424 0.190052 0.113201 0.118825 0.287735
 0.033339 0.221627 0.370124 0.351212 0.273373 0.000000 0.025801 0.277020
 0.268156 0.130248 0.011111 0.117427 0.117427 0.332619 0.277020 0.117427
 0.022060 0.044789 0.332619 0.121676 0.370124 0.249794 0.244701 0.141166
 0.301326 0.302726 0.351941 0.201519 0.245766 0.251985 0.121676 0.254923
 0.029560 0.240681 0.294614 0.268156 0.344338 0.189265 0.283918 0.273373
 0.122641
S14__ 0.025801 0.056418 0.109000 0.218809 0.117427 0.140597 0.298604
 0.044789 0.246839 0.382495 0.357130 0.278627 0.025801 0.000000 0.282358
 0.273373 0.152115 0.037696 0.147690 0.138918 0.344338 0.298604 0.138918
 0.033339 0.052521 0.344338 0.143291 0.382495 0.260086 0.260086 0.150095
 0.318118 0.324992 0.357953 0.216112 0.277020 0.257167 0.143291 0.260086
 0.040953 0.271720 0.294614 0.273373 0.350267 0.208224 0.289247 0.278627
 0.144445
S15__ 0.256040 0.240681 0.245766 0.241729 0.225630 0.233631 0.198071
 0.266457 0.223547 0.315377 0.313921 0.197235 0.277020 0.282358 0.000000
 0.202050 0.230614 0.271247 0.220680 0.220680 0.280767 0.255345 0.220680
 0.250885 0.240681 0.356243 0.235630 0.315377 0.216685 0.259451 0.239774
 0.362268 0.342716 0.277877 0.180056 0.162356 0.097667 0.235630 0.232616
 0.261230 0.166902 0.262384 0.221627 0.291656 0.225630 0.192450 0.211775
 0.217616
S16__ 0.247642 0.232616 0.247642 0.239642 0.278627 0.220680 0.119299
 0.252718 0.217616 0.316847 0.312479 0.048464 0.268156 0.273373 0.202050
 0.000000 0.198685 0.267638 0.213039 0.213039 0.294331 0.192450 0.217886
 0.237591 0.227674 0.322583 0.208224 0.316847 0.113646 0.342135 0.178276
 0.302706 0.324992 0.230576 0.137295 0.262384 0.193263 0.208224 0.250885
 0.247642 0.272929 0.264125 0.064029 0.322583 0.213939 0.044623 0.079923
 0.214846
S17__ 0.121676 0.143291 0.088337 0.144445 0.165548 0.026090 0.235630
 0.125950 0.187696 0.316847 0.311050 0.227674 0.130248 0.152115 0.230614
 0.198685 0.000000 0.145617 0.018338 0.025801 0.321081 0.172893 0.033339
 0.113201 0.121676 0.309717 0.014635 0.316847 0.219740 0.234617 0.061259
 0.295811 0.324992 0.311154 0.177812 0.215762 0.211775 0.014635 0.219740
 0.121676 0.210876 0.247642 0.227674 0.304099 0.161697 0.227674 0.242600
 0.029781
S18__ 0.026187 0.037696 0.102252 0.206021 0.106478 0.132877 0.276623
 0.045468 0.230576 0.377437 0.357953 0.278258 0.011111 0.037696 0.271247
 0.267638 0.145617 0.000000 0.132342 0.132342 0.338989 0.284902 0.123621
 0.033840 0.057280 0.338989 0.136741 0.377437 0.243852 0.236653 0.155872
 0.306924 0.313921 0.352693 0.195223 0.250119 0.256485 0.136741 0.254215
 0.041572 0.239774 0.294475 0.278258 0.350989 0.206897 0.283624 0.278258
 0.136741
S19__ 0.117427 0.138918 0.088337 0.122641 0.161044 0.022306 0.230614
 0.121676 0.164365 0.316847 0.305484 0.213039 0.117427 0.147690 0.220680
 0.213039 0.018338 0.132342 0.000000 0.014635 0.315377 0.196406 0.029560
 0.109000 0.117427 0.315377 0.025801 0.316847 0.205153 0.209984 0.057280
 0.284902 0.330663 0.299897 0.173159 0.206021 0.211775 0.025801 0.224666
 0.117427 0.201198 0.252718 0.222764 0.298523 0.157199 0.222764 0.247642
 0.025993
S20__ 0.109000 0.130248 0.080229 0.140033 0.152115 0.014797 0.230614
 0.113201 0.173611 0.316847 0.294475 0.213039 0.117427 0.138918 0.220680
 0.213039 0.025801 0.132342 0.014635 0.000000 0.321081 0.196406 0.022060
 0.100666 0.109000 0.315377 0.033339 0.316847 0.205153 0.229625 0.065259
 0.301326 0.330663 0.299897 0.173159 0.225630 0.211775 0.033339 0.234617
 0.109000 0.220680 0.252718 0.222764 0.304099 0.166222 0.222764 0.247642
 0.033588
S21__ 0.338456 0.304099 0.315377 0.329914 0.332619 0.325631 0.335773
 0.344338 0.319829 0.219502 0.167124 0.311154 0.332619 0.344338 0.280767
 0.294331 0.321081 0.338989 0.315377 0.321081 0.000000 0.388187 0.309717
 0.332619 0.321081 0.203776 0.309717 0.219502 0.322583 0.355338 0.298438
 0.208670 0.240833 0.386270 0.319538 0.348609 0.315377 0.309717 0.321081
 0.344338 0.378795 0.351941 0.316847 0.082113 0.316847 0.311154 0.283322
 0.312606
S22__ 0.266457 0.266457 0.230614 0.235630 0.298604 0.196406 0.194083
 0.271720 0.175801 0.311262 0.380636 0.182971 0.277020 0.298604 0.255345
 0.192450 0.172893 0.284902 0.196406 0.196406 0.388187 0.000000 0.186912
 0.256040 0.277020 0.357062 0.172893 0.311262 0.218555 0.333736 0.212681
 0.359680 0.308293 0.322868 0.219502 0.260608 0.244928 0.172893 0.275381
 0.266457 0.276623 0.182210 0.168974 0.363184 0.241729 0.187696 0.211775
 0.191644
S23__ 0.109000 0.121676 0.072208 0.148883 0.152115 0.022306 0.230614
 0.113201 0.168974 0.294331 0.305484 0.217886 0.117427 0.138918 0.220680
 0.217886 0.033339 0.123621 0.029560 0.022060 0.309717 0.186912 0.000000
 0.100666 0.109000 0.309717 0.018338 0.294331 0.209984 0.239642 0.049385
 0.312479 0.336377 0.311154 0.173159 0.220680 0.216685 0.018338 0.234617
 0.109000 0.215762 0.237591 0.222764 0.292988 0.157199 0.227674 0.242600
 0.018474
S24__ 0.007282 0.040953 0.072208 0.180706 0.109000 0.101851 0.277020
 0.010949 0.226602 0.351941 0.333736 0.252718 0.022060 0.033339 0.250885
 0.237591 0.113201 0.033840 0.109000 0.100666 0.332619 0.256040 0.100666
 0.000000 0.022060 0.309717 0.104821 0.351941 0.229625 0.254923 0.123621
 0.312479 0.302726 0.340060 0.191946 0.250885 0.236653 0.104821 0.244701
 0.007282 0.245766 0.294614 0.252718 0.326828 0.170775 0.262974 0.252718
 0.105643
S25__ 0.029560 0.048645 0.096534 0.190052 0.092424 0.110290 0.266457
 0.018338 0.236653 0.364014 0.333736 0.242600 0.044789 0.052521 0.240681
 0.227674 0.121676 0.057280 0.117427 0.109000 0.321081 0.277020 0.109000
 0.022060 0.000000 0.315377 0.113201 0.364014 0.219740 0.265286 0.123621
 0.335294 0.313776 0.328364 0.211216 0.271720 0.231610 0.113201 0.254923
 0.014635 0.266457 0.316473 0.252718 0.326828 0.161697 0.252718 0.242600
 0.114094
S26__ 0.321081 0.321081 0.309717 0.262955 0.338456 0.314070 0.335773
 0.326828 0.308356 0.230576 0.162458 0.322583 0.332619 0.344338 0.356243
 0.322583 0.309717 0.338989 0.315377 0.315377 0.203776 0.357062 0.309717
 0.309717 0.315377 0.000000 0.309717 0.230576 0.328364 0.392613 0.304099
 0.179774 0.200622 0.386270 0.330547 0.356243 0.311154 0.309717 0.332619
 0.321081 0.356243 0.322583 0.328364 0.194083 0.261776 0.322583 0.340060
 0.312606
S27__ 0.113201 0.134570 0.080229 0.144445 0.165548 0.033714 0.245766
 0.117427 0.178276 0.299897 0.305484 0.227674 0.121676 0.143291 0.235630
 0.208224 0.014635 0.136741 0.025801 0.033339 0.309717 0.172893 0.018338
 0.104821 0.113201 0.309717 0.000000 0.299897 0.219740 0.244701 0.045468
 0.301326 0.330663 0.316847 0.187205 0.210876 0.216685 0.000000 0.229625
 0.113201 0.206021 0.237591 0.227674 0.292988 0.152729 0.237591 0.232616
 0.014742
S28__ 0.364014 0.376284 0.316847 0.314070 0.401444 0.298438 0.290132
 0.370124 0.292820 0.000000 0.221422 0.299897 0.370124 0.382495 0.315377
 0.316847 0.316847 0.377437 0.316847 0.316847 0.219502 0.311262 0.294331
 0.351941 0.364014 0.230576 0.299897 0.000000 0.294331 0.319829 0.272001
 0.220458 0.200622 0.308356 0.302685 0.315377 0.322583 0.299897 0.318331
 0.364014 0.309717 0.273708 0.272472 0.204650 0.279143 0.299897 0.305505
 0.291470
S29__ 0.239642 0.229625 0.249794 0.211775 0.275794 0.212681 0.109857
 0.244701 0.217616 0.294331 0.346968 0.101058 0.249794 0.260086 0.216685
 0.113646 0.219740 0.243852 0.205153 0.205153 0.322583 0.218555 0.209984
 0.229625 0.219740 0.328364 0.219740 0.294331 0.000000 0.272929 0.189283
 0.313921 0.299959 0.223547 0.120742 0.257167 0.193263 0.219740 0.258304
 0.239642 0.257167 0.240681 0.112760 0.370124 0.177537 0.109426 0.152729
 0.206897
S30__ 0.260086 0.244701 0.270521 0.224666 0.239642 0.230614 0.295811
 0.270521 0.282038 0.319829 0.374463 0.316473 0.244701 0.260086 0.259451
 0.342135 0.234617 0.236653 0.209984 0.229625 0.355338 0.333736 0.239642
 0.254923 0.265286 0.392613 0.244701 0.319829 0.272929 0.000000 0.257167
 0.351941 0.357130 0.343314 0.273888 0.228572 0.287493 0.244701 0.250885
 0.265286 0.249016 0.256040 0.336377 0.361423 0.220680 0.324992 0.322039
 0.234617
S31__ 0.132342 0.154599 0.098051 0.163690 0.196406 0.065510 0.224519
 0.136741 0.210474 0.272001 0.288806 0.182971 0.141166 0.150095 0.239774
 0.178276 0.061259 0.155872 0.057280 0.065259 0.298438 0.212681 0.049385
 0.123621 0.123621 0.304099 0.045468 0.272001 0.189283 0.257167 0.000000
 0.290132 0.331065 0.272001 0.162030 0.244928 0.240833 0.045468 0.218555
 0.132342 0.239774 0.236653 0.182971 0.281709 0.137295 0.192450 0.206897
 0.037696
S32__ 0.301326 0.312479 0.279506 0.265909 0.335294 0.288806 0.282038
 0.318118 0.299897 0.220458 0.203776 0.302706 0.301326 0.318118 0.362268
 0.302706 0.295811 0.306924 0.284902 0.301326 0.208670 0.359680 0.312479
 0.312479 0.335294 0.179774 0.301326 0.220458 0.313921 0.351941 0.290132
 0.000000 0.184513 0.349302 0.260608 0.321081 0.340060 0.301326 0.284902
 0.323800 0.315377 0.360538 0.325307 0.218555 0.297161 0.313921 0.302706
 0.298523
S33__ 0.302726 0.308231 0.342135 0.311050 0.353786 0.318118 0.284902
 0.319363 0.304099 0.200622 0.188486 0.291837 0.302726 0.324992 0.342716
 0.324992 0.324992 0.313921 0.330663 0.330663 0.240833 0.308293 0.336377
 0.302726 0.313776 0.200622 0.330663 0.200622 0.299959 0.357130 0.331065
 0.184513 0.000000 0.388758 0.322307 0.378795 0.368340 0.330663 0.332192
 0.313776 0.372660 0.320828 0.297262 0.277877 0.315210 0.308231 0.308231
 0.328000
S34__ 0.340060 0.334189 0.340060 0.331479 0.351941 0.298438 0.224519
 0.357953 0.353631 0.308356 0.429646 0.215450 0.351941 0.357953 0.277877
 0.230576 0.311154 0.352693 0.299897 0.299897 0.386270 0.322868 0.311154
 0.340060 0.328364 0.386270 0.316847 0.308356 0.223547 0.343314 0.272001
 0.349302 0.388758 0.000000 0.217699 0.340060 0.290132 0.316847 0.295688
 0.351941 0.322583 0.365777 0.238724 0.399010 0.294331 0.215450 0.246014
 0.308356
S35__ 0.191946 0.187499 0.187205 0.207230 0.236418 0.170648 0.095636
 0.206352 0.191204 0.302685 0.343376 0.140804 0.201519 0.216112 0.180056
 0.137295 0.177812 0.195223 0.173159 0.173159 0.319538 0.219502 0.173159
 0.191946 0.211216 0.330547 0.187205 0.302685 0.120742 0.273888 0.162030
 0.260608 0.322307 0.217699 0.000000 0.222950 0.199764 0.187205 0.171034
 0.201519 0.222950 0.262384 0.150708 0.325338 0.201519 0.137497 0.172709
 0.174605
S36__ 0.261230 0.240681 0.245766 0.226602 0.277020 0.238724 0.279506
 0.266457 0.247923 0.315377 0.372660 0.278258 0.245766 0.277020 0.162356
 0.262384 0.215762 0.250119 0.206021 0.225630 0.348609 0.260608 0.220680
 0.250885 0.271720 0.356243 0.210876 0.315377 0.257167 0.228572 0.244928
 0.321081 0.378795 0.340060 0.222950 0.000000 0.123129 0.210876 0.246839
 0.261230 0.033216 0.283624 0.251985 0.308293 0.256040 0.278258 0.289030
 0.212681
S37__ 0.246839 0.221627 0.231610 0.237684 0.231610 0.224519 0.213596
 0.251985 0.229569 0.322583 0.344338 0.202909 0.251985 0.257167 0.097667
 0.193263 0.211775 0.256485 0.211775 0.211775 0.315377 0.244928 0.216685
 0.236653 0.231610 0.311154 0.216685 0.322583 0.193263 0.287493 0.240833
 0.340060 0.368340 0.290132 0.199764 0.123129 0.000000 0.216685 0.254215
 0.246839 0.158482 0.242786 0.183739 0.321081 0.246839 0.202909 0.217616
 0.208670
S38__ 0.113201 0.134570 0.080229 0.144445 0.165548 0.033714 0.245766
 0.117427 0.178276 0.299897 0.305484 0.227674 0.121676 0.143291 0.235630
 0.208224 0.014635 0.136741 0.025801 0.033339 0.309717 0.172893 0.018338
 0.104821 0.113201 0.309717 0.000000 0.299897 0.219740 0.244701 0.045468
 0.301326 0.330663 0.316847 0.187205 0.210876 0.216685 0.000000 0.229625
 0.113201 0.206021 0.237591 0.227674 0.292988 0.152729 0.237591 0.232616
 0.014742
S39__ 0.244701 0.219740 0.244701 0.225630 0.214846 0.247923 0.249016
 0.254923 0.276623 0.318331 0.323800 0.248713 0.254923 0.260086 0.232616
 0.250885 0.219740 0.254215 0.224666 0.234617 0.321081 0.275381 0.234617
 0.244701 0.254923 0.332619 0.229625 0.318331 0.258304 0.250885 0.218555
 0.284902 0.332192 0.295688 0.171034 0.246839 0.254215 0.229625 0.000000
 0.254923 0.251985 0.266457 0.245766 0.315377 0.244701 0.245766 0.248713
 0.231610
S40__ 0.014635 0.048645 0.080229 0.190052 0.100666 0.110290 0.287735
 0.003632 0.236653 0.364014 0.345341 0.262974 0.029560 0.040953 0.261230
 0.247642 0.121676 0.041572 0.117427 0.109000 0.344338 0.266457 0.109000
 0.007282 0.014635 0.321081 0.113201 0.364014 0.239642 0.265286 0.132342
 0.323800 0.313776 0.351941 0.201519 0.261230 0.246839 0.113201 0.254923
 0.000000 0.256040 0.305464 0.262974 0.338456 0.179963 0.273373 0.262974
 0.114094
S41__ 0.240681 0.256040 0.240681 0.221627 0.293150 0.233631 0.284902
 0.261230 0.247923 0.309717 0.372660 0.278258 0.240681 0.271720 0.166902
 0.272929 0.210876 0.239774 0.201198 0.220680 0.378795 0.276623 0.215762
 0.245766 0.266457 0.356243 0.206021 0.309717 0.257167 0.249016 0.239774
 0.315377 0.372660 0.322583 0.222950 0.033216 0.158482 0.206021 0.251985
 0.256040 0.000000 0.305484 0.283624 0.313921 0.250885 0.278258 0.289030
 0.207779
S42__ 0.305464 0.294614 0.262974 0.270521 0.268156 0.250885 0.261230
 0.310948 0.217616 0.273708 0.351212 0.228645 0.294614 0.294614 0.262384
 0.264125 0.247642 0.294475 0.252718 0.252718 0.351941 0.182210 0.237591
 0.294614 0.316473 0.322583 0.237591 0.273708 0.240681 0.256040 0.236653
 0.360538 0.320828 0.365777 0.262384 0.283624 0.242786 0.237591 0.266457
 0.305464 0.305484 0.000000 0.223711 0.345977 0.279860 0.238612 0.253815
 0.224666
S43__ 0.262974 0.242600 0.262974 0.234617 0.278627 0.235630 0.122641
 0.268156 0.207779 0.272472 0.341108 0.044623 0.268156 0.273373 0.221627
 0.064029 0.227674 0.278258 0.222764 0.222764 0.316847 0.168974 0.222764
 0.252718 0.252718 0.328364 0.227674 0.272472 0.112760 0.336377 0.182971
 0.325307 0.297262 0.238724 0.150708 0.251985 0.183739 0.227674 0.245766
 0.262974 0.283624 0.223711 0.000000 0.351941 0.213939 0.040801 0.104415
 0.219740
S44__ 0.332619 0.315377 0.298523 0.312606 0.332619 0.308356 0.365777
 0.338456 0.297057 0.204650 0.200622 0.334189 0.344338 0.350267 0.291656
 0.322583 0.304099 0.350989 0.298523 0.304099 0.082113 0.363184 0.292988
 0.326828 0.326828 0.194083 0.292988 0.204650 0.370124 0.361423 0.281709
 0.218555 0.277877 0.399010 0.325338 0.308293 0.321081 0.292988 0.315377
 0.338456 0.313921 0.345977 0.351941 0.000000 0.294331 0.334189 0.311154
 0.295688
S45__ 0.179963 0.203439 0.170775 0.060793 0.247642 0.159131 0.197235
 0.184600 0.211775 0.279143 0.318118 0.204293 0.189265 0.208224 0.225630
 0.213939 0.161697 0.206897 0.157199 0.166222 0.316847 0.241729 0.157199
 0.170775 0.161697 0.261776 0.152729 0.279143 0.177537 0.220680 0.137295
 0.297161 0.315210 0.294331 0.201519 0.256040 0.246839 0.152729 0.244701
 0.179963 0.250885 0.279860 0.213939 0.294331 0.000000 0.213939 0.228645
 0.145029
S46__ 0.262974 0.242600 0.268156 0.244701 0.289247 0.235630 0.089717
 0.278627 0.202909 0.299897 0.341108 0.010909 0.283918 0.289247 0.192450
 0.044623 0.227674 0.283624 0.222764 0.222764 0.311154 0.187696 0.227674
 0.262974 0.252718 0.322583 0.237591 0.299897 0.109426 0.324992 0.192450
 0.313921 0.308231 0.215450 0.137497 0.278258 0.202909 0.237591 0.245766
 0.273373 0.278258 0.238612 0.040801 0.334189 0.213939 0.000000 0.075918
 0.229625
S47__ 0.252718 0.242600 0.262974 0.249794 0.278627 0.250885 0.141166
 0.268156 0.207779 0.305505 0.312479 0.063550 0.273373 0.278627 0.211775
 0.079923 0.242600 0.278258 0.247642 0.247642 0.283322 0.211775 0.242600
 0.252718 0.242600 0.340060 0.232616 0.305505 0.152729 0.322039 0.206897
 0.302706 0.308231 0.246014 0.172709 0.289030 0.217616 0.232616 0.248713
 0.262974 0.289030 0.253815 0.104415 0.311154 0.228645 0.075918 0.000000
 0.244701
S48__ 0.114094 0.135647 0.072761 0.135647 0.176076 0.033714 0.237684
 0.118355 0.161111 0.291470 0.308293 0.219740 0.122641 0.144445 0.217616
 0.214846 0.029781 0.136741 0.025993 0.033588 0.312606 0.191644 0.018474
 0.105643 0.114094 0.312606 0.014742 0.291470 0.206897 0.234617 0.037696
 0.298523 0.328000 0.308356 0.174605 0.212681 0.208670 0.014742 0.231610
 0.114094 0.207779 0.224666 0.219740 0.295688 0.145029 0.229625 0.244701
 0.000000
